WWW Tide and Current Predictor				
Oakland	"Airport," San Francisco "Bay,"	California			
29 March 2018 - 4 April	2018		
								
								
Year	Month 	Day 	Hours 	Minutes 	Seconds	tidal elevation (m)		
2018	3	29	0	0	0	1.928433		
2018	3	29	0	10	0	1.918061		
2018	3	29	0	20	0	1.900422		
2018	3	29	0	30	0	1.875642		
2018	3	29	0	40	0	1.843927		
2018	3	29	0	50	0	1.805559		
2018	3	29	1	0	0	1.760975		
2018	3	29	1	10	0	1.710449		
2018	3	29	1	20	0	1.654545		
2018	3	29	1	30	0	1.593817		
2018	3	29	1	40	0	1.528874		
2018	3	29	1	50	0	1.460369		
2018	3	29	2	0	0	1.388995		
2018	3	29	2	10	0	1.315597		
2018	3	29	2	20	0	1.240666		
2018	3	29	2	30	0	1.165073		
2018	3	29	2	40	0	1.089566		
2018	3	29	2	50	0	1.014885		
2018	3	29	3	0	0	0.941747		
2018	3	29	3	10	0	0.870844		
2018	3	29	3	20	0	0.802943		
2018	3	29	3	30	0	0.738422		
2018	3	29	3	40	0	0.677961		
2018	3	29	3	50	0	0.622063		
2018	3	29	4	0	0	0.571174		
2018	3	29	4	10	0	0.525677		
2018	3	29	4	20	0	0.485887		
2018	3	29	4	30	0	0.452109		
2018	3	29	4	40	0	0.424413		
2018	3	29	4	50	0	0.402983		
2018	3	29	5	0	0	0.387879		
2018	3	29	5	10	0	0.379102		
2018	3	29	5	20	0	0.376599		
2018	3	29	5	30	0	0.380453		
2018	3	29	5	40	0	0.390648		
2018	3	29	5	50	0	0.407004		
2018	3	29	6	0	0	0.429221		
2018	3	29	6	10	0	0.457039		
2018	3	29	6	20	0	0.490151		
2018	3	29	6	30	0	0.528227		
2018	3	29	6	40	0	0.57092		
2018	3	29	6	50	0	0.617953		
2018	3	29	7	0	0	0.668805		
2018	3	29	7	10	0	0.723176		
2018	3	29	7	20	0	0.78069		
2018	3	29	7	30	0	0.84097		
2018	3	29	7	40	0	0.903635		
2018	3	29	7	50	0	0.968414		
2018	3	29	8	0	0	1.034711		
2018	3	29	8	10	0	1.102244		
2018	3	29	8	20	0	1.170624		
2018	3	29	8	30	0	1.239456		
2018	3	29	8	40	0	1.308335		
2018	3	29	8	50	0	1.376963		
2018	3	29	9	0	0	1.44469		
2018	3	29	9	10	0	1.511195		
2018	3	29	9	20	0	1.576034		
2018	3	29	9	30	0	1.638749		
2018	3	29	9	40	0	1.698873		
2018	3	29	9	50	0	1.756022		
2018	3	29	10	0	0	1.809526		
2018	3	29	10	10	0	1.858999		
2018	3	29	10	20	0	1.90396		
2018	3	29	10	30	0	1.943935		
2018	3	29	10	40	0	1.978464		
2018	3	29	10	50	0	2.007106		
2018	3	29	11	0	0	2.029479		
2018	3	29	11	10	0	2.045131		
2018	3	29	11	20	0	2.053763		
2018	3	29	11	30	0	2.055126		
2018	3	29	11	40	0	2.049531		
2018	3	29	11	50	0	2.037		
2018	3	29	12	0	0	2.01744		
2018	3	29	12	10	0	1.990819		
2018	3	29	12	20	0	1.957172		
2018	3	29	12	30	0	1.916603		
2018	3	29	12	40	0	1.869286		
2018	3	29	12	50	0	1.815465		
2018	3	29	13	0	0	1.755454		
2018	3	29	13	10	0	1.689636		
2018	3	29	13	20	0	1.618457		
2018	3	29	13	30	0	1.542425		
2018	3	29	13	40	0	1.462106		
2018	3	29	13	50	0	1.378112		
2018	3	29	14	0	0	1.2911		
2018	3	29	14	10	0	1.201759		
2018	3	29	14	20	0	1.110805		
2018	3	29	14	30	0	1.018973		
2018	3	29	14	40	0	0.927003		
2018	3	29	14	50	0	0.835635		
2018	3	29	15	0	0	0.745597		
2018	3	29	15	10	0	0.657597		
2018	3	29	15	20	0	0.572318		
2018	3	29	15	30	0	0.490401		
2018	3	29	15	40	0	0.412449		
2018	3	29	15	50	0	0.33901		
2018	3	29	16	0	0	0.270582		
2018	3	29	16	10	0	0.2076		
2018	3	29	16	20	0	0.150438		
2018	3	29	16	30	0	0.099405		
2018	3	29	16	40	0	0.054746		
2018	3	29	16	50	0	0.01658		
2018	3	29	17	0	0	-0.014847		
2018	3	29	17	10	0	-0.03955		
2018	3	29	17	20	0	-0.057531		
2018	3	29	17	30	0	-0.068845		
2018	3	29	17	40	0	-0.073598		
2018	3	29	17	50	0	-0.071844		
2018	3	29	18	0	0	-0.063557		
2018	3	29	18	10	0	-0.048929		
2018	3	29	18	20	0	-0.028273		
2018	3	29	18	30	0	-0.001806		
2018	3	29	18	40	0	0.030082		
2018	3	29	18	50	0	0.067119		
2018	3	29	19	0	0	0.109061		
2018	3	29	19	10	0	0.155448		
2018	3	29	19	20	0	0.206115		
2018	3	29	19	30	0	0.260579		
2018	3	29	19	40	0	0.318611		
2018	3	29	19	50	0	0.380009		
2018	3	29	20	0	0	0.444272		
2018	3	29	20	10	0	0.511313		
2018	3	29	20	20	0	0.580618		
2018	3	29	20	30	0	0.651999		
2018	3	29	20	40	0	0.725278		
2018	3	29	20	50	0	0.799907		
2018	3	29	21	0	0	0.875815		
2018	3	29	21	10	0	0.952422		
2018	3	29	21	20	0	1.029631		
2018	3	29	21	30	0	1.106823		
2018	3	29	21	40	0	1.183738		
2018	3	29	21	50	0	1.260093		
2018	3	29	22	0	0	1.335205		
2018	3	29	22	10	0	1.408869		
2018	3	29	22	20	0	1.480369		
2018	3	29	22	30	0	1.54934		
2018	3	29	22	40	0	1.615385		
2018	3	29	22	50	0	1.677775		
2018	3	29	23	0	0	1.736201		
2018	3	29	23	10	0	1.789959		
2018	3	29	23	20	0	1.83865		
2018	3	29	23	30	0	1.88186		
2018	3	29	23	40	0	1.918994		
2018	3	29	23	50	0	1.949755		
2018	3	30	0	0	0	1.973666		
2018	3	30	0	10	0	1.990463		
2018	3	30	0	20	0	1.999892		
2018	3	30	0	30	0	2.00173		
2018	3	30	0	40	0	1.995958		
2018	3	30	0	50	0	1.982593		
2018	3	30	1	0	0	1.96166		
2018	3	30	1	10	0	1.933271		
2018	3	30	1	20	0	1.897613		
2018	3	30	1	30	0	1.854955		
2018	3	30	1	40	0	1.805643		
2018	3	30	1	50	0	1.749998		
2018	3	30	2	0	0	1.688701		
2018	3	30	2	10	0	1.62222		
2018	3	30	2	20	0	1.551172		
2018	3	30	2	30	0	1.476223		
2018	3	30	2	40	0	1.398086		
2018	3	30	2	50	0	1.317504		
2018	3	30	3	0	0	1.235245		
2018	3	30	3	10	0	1.151952		
2018	3	30	3	20	0	1.068692		
2018	3	30	3	30	0	0.986107		
2018	3	30	3	40	0	0.904959		
2018	3	30	3	50	0	0.825987		
2018	3	30	4	0	0	0.749893		
2018	3	30	4	10	0	0.677339		
2018	3	30	4	20	0	0.608822		
2018	3	30	4	30	0	0.545129		
2018	3	30	4	40	0	0.486634		
2018	3	30	4	50	0	0.433764		
2018	3	30	5	0	0	0.386878		
2018	3	30	5	10	0	0.346268		
2018	3	30	5	20	0	0.312153		
2018	3	30	5	30	0	0.284646		
2018	3	30	5	40	0	0.263924		
2018	3	30	5	50	0	0.249958		
2018	3	30	6	0	0	0.242708		
2018	3	30	6	10	0	0.242113		
2018	3	30	6	20	0	0.248302		
2018	3	30	6	30	0	0.261135		
2018	3	30	6	40	0	0.28036		
2018	3	30	6	50	0	0.305689		
2018	3	30	7	0	0	0.336802		
2018	3	30	7	10	0	0.373355		
2018	3	30	7	20	0	0.414986		
2018	3	30	7	30	0	0.461317		
2018	3	30	7	40	0	0.511964		
2018	3	30	7	50	0	0.566536		
2018	3	30	8	0	0	0.624637		
2018	3	30	8	10	0	0.685874		
2018	3	30	8	20	0	0.749854		
2018	3	30	8	30	0	0.816184		
2018	3	30	8	40	0	0.884473		
2018	3	30	8	50	0	0.95433		
2018	3	30	9	0	0	1.025362		
2018	3	30	9	10	0	1.097175		
2018	3	30	9	20	0	1.169367		
2018	3	30	9	30	0	1.241534		
2018	3	30	9	40	0	1.31326		
2018	3	30	9	50	0	1.384121		
2018	3	30	10	0	0	1.453681		
2018	3	30	10	10	0	1.521496		
2018	3	30	10	20	0	1.587107		
2018	3	30	10	30	0	1.650047		
2018	3	30	10	40	0	1.709841		
2018	3	30	10	50	0	1.76601		
2018	3	30	11	0	0	1.818072		
2018	3	30	11	10	0	1.865547		
2018	3	30	11	20	0	1.907965		
2018	3	30	11	30	0	1.944871		
2018	3	30	11	40	0	1.975829		
2018	3	30	11	50	0	2.000467		
2018	3	30	12	0	0	2.018332		
2018	3	30	12	10	0	2.029142		
2018	3	30	12	20	0	2.032617		
2018	3	30	12	30	0	2.028856		
2018	3	30	12	40	0	2.017978		
2018	3	30	12	50	0	1.999901		
2018	3	30	13	0	0	1.974659		
2018	3	30	13	10	0	1.942217		
2018	3	30	13	20	0	1.902736		
2018	3	30	13	30	0	1.856412		
2018	3	30	13	40	0	1.803607		
2018	3	30	13	50	0	1.744483		
2018	3	30	14	0	0	1.679533		
2018	3	30	14	10	0	1.609233		
2018	3	30	14	20	0	1.534251		
2018	3	30	14	30	0	1.454925		
2018	3	30	14	40	0	1.37202		
2018	3	30	14	50	0	1.286221		
2018	3	30	15	0	0	1.198394		
2018	3	30	15	10	0	1.108984		
2018	3	30	15	20	0	1.018892		
2018	3	30	15	30	0	0.928881		
2018	3	30	15	40	0	0.839859		
2018	3	30	15	50	0	0.752265		
2018	3	30	16	0	0	0.666973		
2018	3	30	16	10	0	0.584671		
2018	3	30	16	20	0	0.506137		
2018	3	30	16	30	0	0.431706		
2018	3	30	16	40	0	0.362064		
2018	3	30	16	50	0	0.297699		
2018	3	30	17	0	0	0.239134		
2018	3	30	17	10	0	0.186531		
2018	3	30	17	20	0	0.140288		
2018	3	30	17	30	0	0.100633		
2018	3	30	17	40	0	0.067724		
2018	3	30	17	50	0	0.041694		
2018	3	30	18	0	0	0.022487		
2018	3	30	18	10	0	0.010124		
2018	3	30	18	20	0	0.004523		
2018	3	30	18	30	0	0.005619		
2018	3	30	18	40	0	0.013493		
2018	3	30	18	50	0	0.027911		
2018	3	30	19	0	0	0.048653		
2018	3	30	19	10	0	0.075355		
2018	3	30	19	20	0	0.107786		
2018	3	30	19	30	0	0.145505		
2018	3	30	19	40	0	0.188292		
2018	3	30	19	50	0	0.235738		
2018	3	30	20	0	0	0.287399		
2018	3	30	20	10	0	0.343097		
2018	3	30	20	20	0	0.402299		
2018	3	30	20	30	0	0.464859		
2018	3	30	20	40	0	0.530234		
2018	3	30	20	50	0	0.598308		
2018	3	30	21	0	0	0.668527		
2018	3	30	21	10	0	0.740796		
2018	3	30	21	20	0	0.814549		
2018	3	30	21	30	0	0.889699		
2018	3	30	21	40	0	0.96566		
2018	3	30	21	50	0	1.042336		
2018	3	30	22	0	0	1.119113		
2018	3	30	22	10	0	1.195871		
2018	3	30	22	20	0	1.271966		
2018	3	30	22	30	0	1.347236		
2018	3	30	22	40	0	1.421126		
2018	3	30	22	50	0	1.49307		
2018	3	30	23	0	0	1.562839		
2018	3	30	23	10	0	1.629721		
2018	3	30	23	20	0	1.693445		
2018	3	30	23	30	0	1.753298		
2018	3	30	23	40	0	1.808974		
2018	3	30	23	50	0	1.85979		
2018	3	31	0	0	0	1.905422		
2018	3	31	0	10	0	1.945248		
2018	3	31	0	20	0	1.978953		
2018	3	31	0	30	0	2.006013		
2018	3	31	0	40	0	2.026147		
2018	3	31	0	50	0	2.038968		
2018	3	31	1	0	0	2.044257		
2018	3	31	1	10	0	2.041891		
2018	3	31	1	20	0	2.031971		
2018	3	31	1	30	0	2.014457		
2018	3	31	1	40	0	1.989328		
2018	3	31	1	50	0	1.95677		
2018	3	31	2	0	0	1.916857		
2018	3	31	2	10	0	1.869983		
2018	3	31	2	20	0	1.816424		
2018	3	31	2	30	0	1.756484		
2018	3	31	2	40	0	1.690851		
2018	3	31	2	50	0	1.619853		
2018	3	31	3	0	0	1.544342		
2018	3	31	3	10	0	1.464865		
2018	3	31	3	20	0	1.381987		
2018	3	31	3	30	0	1.296734		
2018	3	31	3	40	0	1.20959		
2018	3	31	3	50	0	1.121639		
2018	3	31	4	0	0	1.033528		
2018	3	31	4	10	0	0.945901		
2018	3	31	4	20	0	0.859832		
2018	3	31	4	30	0	0.775784		
2018	3	31	4	40	0	0.694763		
2018	3	31	4	50	0	0.617304		
2018	3	31	5	0	0	0.543918		
2018	3	31	5	10	0	0.475428		
2018	3	31	5	20	0	0.412118		
2018	3	31	5	30	0	0.354652		
2018	3	31	5	40	0	0.3033		
2018	3	31	5	50	0	0.258301		
2018	3	31	6	0	0	0.220046		
2018	3	31	6	10	0	0.188577		
2018	3	31	6	20	0	0.164099		
2018	3	31	6	30	0	0.146587		
2018	3	31	6	40	0	0.136		
2018	3	31	6	50	0	0.132288		
2018	3	31	7	0	0	0.13546		
2018	3	31	7	10	0	0.145532		
2018	3	31	7	20	0	0.162251		
2018	3	31	7	30	0	0.185324		
2018	3	31	7	40	0	0.214373		
2018	3	31	7	50	0	0.249142		
2018	3	31	8	0	0	0.289213		
2018	3	31	8	10	0	0.334199		
2018	3	31	8	20	0	0.383701		
2018	3	31	8	30	0	0.437317		
2018	3	31	8	40	0	0.494642		
2018	3	31	8	50	0	0.55527		
2018	3	31	9	0	0	0.618801		
2018	3	31	9	10	0	0.684836		
2018	3	31	9	20	0	0.75298		
2018	3	31	9	30	0	0.822727		
2018	3	31	9	40	0	0.893918		
2018	3	31	9	50	0	0.966052		
2018	3	31	10	0	0	1.03874		
2018	3	31	10	10	0	1.11159		
2018	3	31	10	20	0	1.184205		
2018	3	31	10	30	0	1.256182		
2018	3	31	10	40	0	1.327109		
2018	3	31	10	50	0	1.396567		
2018	3	31	11	0	0	1.464125		
2018	3	31	11	10	0	1.529344		
2018	3	31	11	20	0	1.591678		
2018	3	31	11	30	0	1.650879		
2018	3	31	11	40	0	1.706387		
2018	3	31	11	50	0	1.757746		
2018	3	31	12	0	0	1.804506		
2018	3	31	12	10	0	1.846226		
2018	3	31	12	20	0	1.882482		
2018	3	31	12	30	0	1.912874		
2018	3	31	12	40	0	1.937029		
2018	3	31	12	50	0	1.954612		
2018	3	31	13	0	0	1.965332		
2018	3	31	13	10	0	1.968947		
2018	3	31	13	20	0	1.965485		
2018	3	31	13	30	0	1.955039		
2018	3	31	13	40	0	1.937524		
2018	3	31	13	50	0	1.913014		
2018	3	31	14	0	0	1.881509		
2018	3	31	14	10	0	1.843266		
2018	3	31	14	20	0	1.798382		
2018	3	31	14	30	0	1.747301		
2018	3	31	14	40	0	1.690214		
2018	3	31	14	50	0	1.627744		
2018	3	31	15	0	0	1.560175		
2018	3	31	15	10	0	1.488283		
2018	3	31	15	20	0	1.412431		
2018	3	31	15	30	0	1.333521		
2018	3	31	15	40	0	1.251973		
2018	3	31	15	50	0	1.168777		
2018	3	31	16	0	0	1.084385		
2018	3	31	16	10	0	0.999827		
2018	3	31	16	20	0	0.915564		
2018	3	31	16	30	0	0.832617		
2018	3	31	16	40	0	0.751426		
2018	3	31	16	50	0	0.672959		
2018	3	31	17	0	0	0.597609		
2018	3	31	17	10	0	0.526246		
2018	3	31	17	20	0	0.459197		
2018	3	31	17	30	0	0.3972		
2018	3	31	17	40	0	0.340497		
2018	3	31	17	50	0	0.289668		
2018	3	31	18	0	0	0.244865		
2018	3	31	18	10	0	0.206496		
2018	3	31	18	20	0	0.174618		
2018	3	31	18	30	0	0.149463		
2018	3	31	18	40	0	0.131003		
2018	3	31	18	50	0	0.1193		
2018	3	31	19	0	0	0.114252		
2018	3	31	19	10	0	0.115862		
2018	3	31	19	20	0	0.124208		
2018	3	31	19	30	0	0.139056		
2018	3	31	19	40	0	0.160193		
2018	3	31	19	50	0	0.187305		
2018	3	31	20	0	0	0.220014		
2018	3	31	20	10	0	0.258083		
2018	3	31	20	20	0	0.301033		
2018	3	31	20	30	0	0.348638		
2018	3	31	20	40	0	0.400461		
2018	3	31	20	50	0	0.456032		
2018	3	31	21	0	0	0.515165		
2018	3	31	21	10	0	0.577403		
2018	3	31	21	20	0	0.642273		
2018	3	31	21	30	0	0.709633		
2018	3	31	21	40	0	0.779022		
2018	3	31	21	50	0	0.849974		
2018	3	31	22	0	0	0.922373		
2018	3	31	22	10	0	0.995754		
2018	3	31	22	20	0	1.069643		
2018	3	31	22	30	0	1.143926		
2018	3	31	22	40	0	1.218114		
2018	3	31	22	50	0	1.291711		
2018	3	31	23	0	0	1.364569		
2018	3	31	23	10	0	1.436164		
2018	3	31	23	20	0	1.505964		
2018	3	31	23	30	0	1.573766		
2018	3	31	23	40	0	1.639009		
2018	3	31	23	50	0	1.701132		
2018	4	1	0	0	0	1.759874		
2018	4	1	0	10	0	1.814569		
2018	4	1	0	20	0	1.864925		
2018	4	1	0	30	0	1.910378		
2018	4	1	0	40	0	1.950407		
2018	4	1	0	50	0	1.984703		
2018	4	1	1	0	0	2.012781		
2018	4	1	1	10	0	2.034225		
2018	4	1	1	20	0	2.048765		
2018	4	1	1	30	0	2.056064		
2018	4	1	1	40	0	2.055946		
2018	4	1	1	50	0	2.048567		
2018	4	1	2	0	0	2.033872		
2018	4	1	2	10	0	2.011867		
2018	4	1	2	20	0	1.982513		
2018	4	1	2	30	0	1.945945		
2018	4	1	2	40	0	1.902423		
2018	4	1	2	50	0	1.852055		
2018	4	1	3	0	0	1.795336		
2018	4	1	3	10	0	1.732475		
2018	4	1	3	20	0	1.664031		
2018	4	1	3	30	0	1.590664		
2018	4	1	3	40	0	1.512716		
2018	4	1	3	50	0	1.430951		
2018	4	1	4	0	0	1.346203		
2018	4	1	4	10	0	1.258905		
2018	4	1	4	20	0	1.169951		
2018	4	1	4	30	0	1.08026		
2018	4	1	4	40	0	0.990303		
2018	4	1	4	50	0	0.901155		
2018	4	1	5	0	0	0.813276		
2018	4	1	5	10	0	0.727556		
2018	4	1	5	20	0	0.644845		
2018	4	1	5	30	0	0.565531		
2018	4	1	5	40	0	0.490384		
2018	4	1	5	50	0	0.420089		
2018	4	1	6	0	0	0.354921		
2018	4	1	6	10	0	0.295454		
2018	4	1	6	20	0	0.242156		
2018	4	1	6	30	0	0.19516		
2018	4	1	6	40	0	0.154806		
2018	4	1	6	50	0	0.121321		
2018	4	1	7	0	0	0.094697		
2018	4	1	7	10	0	0.075064		
2018	4	1	7	20	0	0.062332		
2018	4	1	7	30	0	0.056461		
2018	4	1	7	40	0	0.057377		
2018	4	1	7	50	0	0.065161		
2018	4	1	8	0	0	0.079595		
2018	4	1	8	10	0	0.100388		
2018	4	1	8	20	0	0.127169		
2018	4	1	8	30	0	0.159672		
2018	4	1	8	40	0	0.197486		
2018	4	1	8	50	0	0.240222		
2018	4	1	9	0	0	0.28748		
2018	4	1	9	10	0	0.338768		
2018	4	1	9	20	0	0.393849		
2018	4	1	9	30	0	0.452238		
2018	4	1	9	40	0	0.513533		
2018	4	1	9	50	0	0.577232		
2018	4	1	10	0	0	0.643156		
2018	4	1	10	10	0	0.710819		
2018	4	1	10	20	0	0.779844		
2018	4	1	10	30	0	0.849857		
2018	4	1	10	40	0	0.92037		
2018	4	1	10	50	0	0.991247		
2018	4	1	11	0	0	1.062001		
2018	4	1	11	10	0	1.13226		
2018	4	1	11	20	0	1.201531		
2018	4	1	11	30	0	1.269661		
2018	4	1	11	40	0	1.336145		
2018	4	1	11	50	0	1.400586		
2018	4	1	12	0	0	1.462581		
2018	4	1	12	10	0	1.521628		
2018	4	1	12	20	0	1.577511		
2018	4	1	12	30	0	1.62972		
2018	4	1	12	40	0	1.677846		
2018	4	1	12	50	0	1.72149		
2018	4	1	13	0	0	1.760203		
2018	4	1	13	10	0	1.793745		
2018	4	1	13	20	0	1.821701		
2018	4	1	13	30	0	1.843756		
2018	4	1	13	40	0	1.85961		
2018	4	1	13	50	0	1.869079		
2018	4	1	14	0	0	1.871945		
2018	4	1	14	10	0	1.868195		
2018	4	1	14	20	0	1.857855		
2018	4	1	14	30	0	1.840878		
2018	4	1	14	40	0	1.817375		
2018	4	1	14	50	0	1.787438		
2018	4	1	15	0	0	1.751247		
2018	4	1	15	10	0	1.708976		
2018	4	1	15	20	0	1.661079		
2018	4	1	15	30	0	1.607866		
2018	4	1	15	40	0	1.549773		
2018	4	1	15	50	0	1.487294		
2018	4	1	16	0	0	1.420856		
2018	4	1	16	10	0	1.351275		
2018	4	1	16	20	0	1.279068		
2018	4	1	16	30	0	1.204895		
2018	4	1	16	40	0	1.129306		
2018	4	1	16	50	0	1.053254		
2018	4	1	17	0	0	0.977313		
2018	4	1	17	10	0	0.902178		
2018	4	1	17	20	0	0.828411		
2018	4	1	17	30	0	0.756927		
2018	4	1	17	40	0	0.688232		
2018	4	1	17	50	0	0.622926		
2018	4	1	18	0	0	0.561564		
2018	4	1	18	10	0	0.504558		
2018	4	1	18	20	0	0.452553		
2018	4	1	18	30	0	0.405843		
2018	4	1	18	40	0	0.364761		
2018	4	1	18	50	0	0.32952		
2018	4	1	19	0	0	0.300446		
2018	4	1	19	10	0	0.277617		
2018	4	1	19	20	0	0.261114		
2018	4	1	19	30	0	0.250958		
2018	4	1	19	40	0	0.247111		
2018	4	1	19	50	0	0.24962		
2018	4	1	20	0	0	0.258544		
2018	4	1	20	10	0	0.273686		
2018	4	1	20	20	0	0.294809		
2018	4	1	20	30	0	0.321585		
2018	4	1	20	40	0	0.353798		
2018	4	1	20	50	0	0.391078		
2018	4	1	21	0	0	0.433076		
2018	4	1	21	10	0	0.47935		
2018	4	1	21	20	0	0.529683		
2018	4	1	21	30	0	0.583627		
2018	4	1	21	40	0	0.640805		
2018	4	1	21	50	0	0.700842		
2018	4	1	22	0	0	0.763262		
2018	4	1	22	10	0	0.827903		
2018	4	1	22	20	0	0.894299		
2018	4	1	22	30	0	0.96209		
2018	4	1	22	40	0	1.030917		
2018	4	1	22	50	0	1.100309		
2018	4	1	23	0	0	1.170137		
2018	4	1	23	10	0	1.239927		
2018	4	1	23	20	0	1.309314		
2018	4	1	23	30	0	1.377813		
2018	4	1	23	40	0	1.445271		
2018	4	1	23	50	0	1.511185		
2018	4	2	0	0	0	1.575156		
2018	4	2	0	10	0	1.636776		
2018	4	2	0	20	0	1.69553		
2018	4	2	0	30	0	1.751188		
2018	4	2	0	40	0	1.803218		
2018	4	2	0	50	0	1.851186		
2018	4	2	1	0	0	1.894595		
2018	4	2	1	10	0	1.93316		
2018	4	2	1	20	0	1.966396		
2018	4	2	1	30	0	1.993905		
2018	4	2	1	40	0	2.015318		
2018	4	2	1	50	0	2.030277		
2018	4	2	2	0	0	2.038529		
2018	4	2	2	10	0	2.039818		
2018	4	2	2	20	0	2.034337		
2018	4	2	2	30	0	2.022078		
2018	4	2	2	40	0	2.002966		
2018	4	2	2	50	0	1.976982		
2018	4	2	3	0	0	1.944235		
2018	4	2	3	10	0	1.904723		
2018	4	2	3	20	0	1.858677		
2018	4	2	3	30	0	1.806342		
2018	4	2	3	40	0	1.748032		
2018	4	2	3	50	0	1.684127		
2018	4	2	4	0	0	1.615068		
2018	4	2	4	10	0	1.541357		
2018	4	2	4	20	0	1.463549		
2018	4	2	4	30	0	1.382385		
2018	4	2	4	40	0	1.298235		
2018	4	2	4	50	0	1.21191		
2018	4	2	5	0	0	1.124113		
2018	4	2	5	10	0	1.035564		
2018	4	2	5	20	0	0.94699		
2018	4	2	5	30	0	0.859117		
2018	4	2	5	40	0	0.772663		
2018	4	2	5	50	0	0.688323		
2018	4	2	6	0	0	0.606903		
2018	4	2	6	10	0	0.528762		
2018	4	2	6	20	0	0.454631		
2018	4	2	6	30	0	0.385054		
2018	4	2	6	40	0	0.32052		
2018	4	2	6	50	0	0.261459		
2018	4	2	7	0	0	0.208239		
2018	4	2	7	10	0	0.161164		
2018	4	2	7	20	0	0.120471		
2018	4	2	7	30	0	0.086384		
2018	4	2	7	40	0	0.058895		
2018	4	2	7	50	0	0.038109		
2018	4	2	8	0	0	0.024012		
2018	4	2	8	10	0	0.016529		
2018	4	2	8	20	0	0.015552		
2018	4	2	8	30	0	0.021157		
2018	4	2	8	40	0	0.033163		
2018	4	2	8	50	0	0.051333		
2018	4	2	9	0	0	0.075344		
2018	4	2	9	10	0	0.104803		
2018	4	2	9	20	0	0.139449		
2018	4	2	9	30	0	0.178793		
2018	4	2	9	40	0	0.222578		
2018	4	2	9	50	0	0.270351		
2018	4	2	10	0	0	0.321628		
2018	4	2	10	10	0	0.376188		
2018	4	2	10	20	0	0.433561		
2018	4	2	10	30	0	0.493263		
2018	4	2	10	40	0	0.555117		
2018	4	2	10	50	0	0.618661		
2018	4	2	11	0	0	0.683426		
2018	4	2	11	10	0	0.749275		
2018	4	2	11	20	0	0.815757		
2018	4	2	11	30	0	0.882418		
2018	4	2	11	40	0	0.94914		
2018	4	2	11	50	0	1.015475		
2018	4	2	12	0	0	1.080978		
2018	4	2	12	10	0	1.145526		
2018	4	2	12	20	0	1.208665		
2018	4	2	12	30	0	1.269951		
2018	4	2	12	40	0	1.329236		
2018	4	2	12	50	0	1.385973		
2018	4	2	13	0	0	1.439995		
2018	4	2	13	10	0	1.490852		
2018	4	2	13	20	0	1.538116		
2018	4	2	13	30	0	1.581599		
2018	4	2	13	40	0	1.620884		
2018	4	2	13	50	0	1.655594		
2018	4	2	14	0	0	1.685542		
2018	4	2	14	10	0	1.710389		
2018	4	2	14	20	0	1.729856		
2018	4	2	14	30	0	1.743794		
2018	4	2	14	40	0	1.751992		
2018	4	2	14	50	0	1.75432		
2018	4	2	15	0	0	1.750699		
2018	4	2	15	10	0	1.741121		
2018	4	2	15	20	0	1.725582		
2018	4	2	15	30	0	1.704177		
2018	4	2	15	40	0	1.677047		
2018	4	2	15	50	0	1.644394		
2018	4	2	16	0	0	1.606477		
2018	4	2	16	10	0	1.563612		
2018	4	2	16	20	0	1.516171		
2018	4	2	16	30	0	1.464576		
2018	4	2	16	40	0	1.409298		
2018	4	2	16	50	0	1.350852		
2018	4	2	17	0	0	1.289788		
2018	4	2	17	10	0	1.226687		
2018	4	2	17	20	0	1.162154		
2018	4	2	17	30	0	1.09681		
2018	4	2	17	40	0	1.031284		
2018	4	2	17	50	0	0.966206		
2018	4	2	18	0	0	0.902305		
2018	4	2	18	10	0	0.839973		
2018	4	2	18	20	0	0.779901		
2018	4	2	18	30	0	0.722648		
2018	4	2	18	40	0	0.668731		
2018	4	2	18	50	0	0.618629		
2018	4	2	19	0	0	0.572774		
2018	4	2	19	10	0	0.531547		
2018	4	2	19	20	0	0.495275		
2018	4	2	19	30	0	0.46423		
2018	4	2	19	40	0	0.438627		
2018	4	2	19	50	0	0.418622		
2018	4	2	20	0	0	0.404316		
2018	4	2	20	10	0	0.395753		
2018	4	2	20	20	0	0.392927		
2018	4	2	20	30	0	0.395906		
2018	4	2	20	40	0	0.404726		
2018	4	2	20	50	0	0.419227		
2018	4	2	21	0	0	0.439206		
2018	4	2	21	10	0	0.464423		
2018	4	2	21	20	0	0.494609		
2018	4	2	21	30	0	0.529464		
2018	4	2	21	40	0	0.568673		
2018	4	2	21	50	0	0.611899		
2018	4	2	22	0	0	0.658797		
2018	4	2	22	10	0	0.709012		
2018	4	2	22	20	0	0.762096		
2018	4	2	22	30	0	0.817863		
2018	4	2	22	40	0	0.875865		
2018	4	2	22	50	0	0.935744		
2018	4	2	23	0	0	0.997139		
2018	4	2	23	10	0	1.059696		
2018	4	2	23	20	0	1.12306		
2018	4	2	23	30	0	1.186876		
2018	4	2	23	40	0	1.250792		
2018	4	2	23	50	0	1.314453		
2018	4	3	0	0	0	1.3775		
2018	4	3	0	10	0	1.439573		
2018	4	3	0	20	0	1.500306		
2018	4	3	0	30	0	1.559231		
2018	4	3	0	40	0	1.616166		
2018	4	3	0	50	0	1.670628		
2018	4	3	1	0	0	1.72223		
2018	4	3	1	10	0	1.77058		
2018	4	3	1	20	0	1.815285		
2018	4	3	1	30	0	1.855953		
2018	4	3	1	40	0	1.892197		
2018	4	3	1	50	0	1.92364		
2018	4	3	2	0	0	1.949918		
2018	4	3	2	10	0	1.970686		
2018	4	3	2	20	0	1.985622		
2018	4	3	2	30	0	1.994436		
2018	4	3	2	40	0	1.996879		
2018	4	3	2	50	0	1.993133		
2018	4	3	3	0	0	1.983293		
2018	4	3	3	10	0	1.967259		
2018	4	3	3	20	0	1.94498		
2018	4	3	3	30	0	1.916457		
2018	4	3	3	40	0	1.881749		
2018	4	3	3	50	0	1.84097		
2018	4	3	4	0	0	1.794211		
2018	4	3	4	10	0	1.741865		
2018	4	3	4	20	0	1.684149		
2018	4	3	4	30	0	1.621415		
2018	4	3	4	40	0	1.554069		
2018	4	3	4	50	0	1.482567		
2018	4	3	5	0	0	1.407416		
2018	4	3	5	10	0	1.329163		
2018	4	3	5	20	0	1.248252		
2018	4	3	5	30	0	1.165573		
2018	4	3	5	40	0	1.081626		
2018	4	3	5	50	0	0.997064		
2018	4	3	6	0	0	0.912546		
2018	4	3	6	10	0	0.828731		
2018	4	3	6	20	0	0.746268		
2018	4	3	6	30	0	0.665658		
2018	4	3	6	40	0	0.587784		
2018	4	3	6	50	0	0.513086		
2018	4	3	7	0	0	0.442107		
2018	4	3	7	10	0	0.375345		
2018	4	3	7	20	0	0.313251		
2018	4	3	7	30	0	0.256223		
2018	4	3	7	40	0	0.204602		
2018	4	3	7	50	0	0.158601		
2018	4	3	8	0	0	0.118601		
2018	4	3	8	10	0	0.084684		
2018	4	3	8	20	0	0.056956		
2018	4	3	8	30	0	0.035467		
2018	4	3	8	40	0	0.020208		
2018	4	3	8	50	0	0.011121		
2018	4	3	9	0	0	0.008096		
2018	4	3	9	10	0	0.011142		
2018	4	3	9	20	0	0.020193		
2018	4	3	9	30	0	0.035031		
2018	4	3	9	40	0	0.055327		
2018	4	3	9	50	0	0.080839		
2018	4	3	10	0	0	0.111152		
2018	4	3	10	10	0	0.146019		
2018	4	3	10	20	0	0.184968		
2018	4	3	10	30	0	0.227761		
2018	4	3	10	40	0	0.273892		
2018	4	3	10	50	0	0.323144		
2018	4	3	11	0	0	0.374994		
2018	4	3	11	10	0	0.429255		
2018	4	3	11	20	0	0.485398		
2018	4	3	11	30	0	0.543269		
2018	4	3	11	40	0	0.602343		
2018	4	3	11	50	0	0.662491		
2018	4	3	12	0	0	0.723198		
2018	4	3	12	10	0	0.784355		
2018	4	3	12	20	0	0.845457		
2018	4	3	12	30	0	0.906404		
2018	4	3	12	40	0	0.9667		
2018	4	3	12	50	0	1.026248		
2018	4	3	13	0	0	1.084557		
2018	4	3	13	10	0	1.141525		
2018	4	3	13	20	0	1.196668		
2018	4	3	13	30	0	1.249873		
2018	4	3	13	40	0	1.300669		
2018	4	3	13	50	0	1.348851		
2018	4	3	14	0	0	1.394202		
2018	4	3	14	10	0	1.436285		
2018	4	3	14	20	0	1.47496		
2018	4	3	14	30	0	1.509833		
2018	4	3	14	40	0	1.540767		
2018	4	3	14	50	0	1.567424		
2018	4	3	15	0	0	1.589681		
2018	4	3	15	10	0	1.607279		
2018	4	3	15	20	0	1.620124		
2018	4	3	15	30	0	1.628053		
2018	4	3	15	40	0	1.631013		
2018	4	3	15	50	0	1.628858		
2018	4	3	16	0	0	1.621452		
2018	4	3	16	10	0	1.608877		
2018	4	3	16	20	0	1.591193		
2018	4	3	16	30	0	1.568611		
2018	4	3	16	40	0	1.54126		
2018	4	3	16	50	0	1.509424		
2018	4	3	17	0	0	1.47347		
2018	4	3	17	10	0	1.43362		
2018	4	3	17	20	0	1.390321		
2018	4	3	17	30	0	1.344079		
2018	4	3	17	40	0	1.295199		
2018	4	3	17	50	0	1.244334		
2018	4	3	18	0	0	1.191824		
2018	4	3	18	10	0	1.138285		
2018	4	3	18	20	0	1.084347		
2018	4	3	18	30	0	1.030374		
2018	4	3	18	40	0	0.977		
2018	4	3	18	50	0	0.924843		
2018	4	3	19	0	0	0.874247		
2018	4	3	19	10	0	0.825875		
2018	4	3	19	20	0	0.780033		
2018	4	3	19	30	0	0.73724		
2018	4	3	19	40	0	0.697961		
2018	4	3	19	50	0	0.662419		
2018	4	3	20	0	0	0.630999		
2018	4	3	20	10	0	0.604011		
2018	4	3	20	20	0	0.581582		
2018	4	3	20	30	0	0.563959		
2018	4	3	20	40	0	0.551204		
2018	4	3	20	50	0	0.543423		
2018	4	3	21	0	0	0.540644		
2018	4	3	21	10	0	0.542915		
2018	4	3	21	20	0	0.550273		
2018	4	3	21	30	0	0.56261		
2018	4	3	21	40	0	0.579778		
2018	4	3	21	50	0	0.601595		
2018	4	3	22	0	0	0.627845		
2018	4	3	22	10	0	0.658287		
2018	4	3	22	20	0	0.692656		
2018	4	3	22	30	0	0.730735		
2018	4	3	22	40	0	0.772099		
2018	4	3	22	50	0	0.816498		
2018	4	3	23	0	0	0.863612		
2018	4	3	23	10	0	0.913114		
2018	4	3	23	20	0	0.964676		
2018	4	3	23	30	0	1.017962		
2018	4	3	23	40	0	1.072638		
2018	4	3	23	50	0	1.128368		
2018	4	4	0	0	0	1.184813		
2018	4	4	0	10	0	1.241634		
2018	4	4	0	20	0	1.298493		
2018	4	4	0	30	0	1.355046		
2018	4	4	0	40	0	1.41104		
2018	4	4	0	50	0	1.465944		
2018	4	4	1	0	0	1.519498		
2018	4	4	1	10	0	1.57135		
2018	4	4	1	20	0	1.621142		
2018	4	4	1	30	0	1.668513		
2018	4	4	1	40	0	1.713102		
2018	4	4	1	50	0	1.754547		
2018	4	4	2	0	0	1.792488		
2018	4	4	2	10	0	1.82657		
2018	4	4	2	20	0	1.856445		
2018	4	4	2	30	0	1.881777		
2018	4	4	2	40	0	1.902243		
2018	4	4	2	50	0	1.917542		
2018	4	4	3	0	0	1.927407		
2018	4	4	3	10	0	1.931557		
2018	4	4	3	20	0	1.930023		
2018	4	4	3	30	0	1.923134		
2018	4	4	3	40	0	1.910791		
2018	4	4	3	50	0	1.892885		
2018	4	4	4	0	0	1.869443		
2018	4	4	4	10	0	1.840402		
2018	4	4	4	20	0	1.80592		
2018	4	4	4	30	0	1.766064		
2018	4	4	4	40	0	1.720918		
2018	4	4	4	50	0	1.670845		
2018	4	4	5	0	0	1.616038		
2018	4	4	5	10	0	1.556706		
2018	4	4	5	20	0	1.493409		
2018	4	4	5	30	0	1.426339		
2018	4	4	5	40	0	1.356166		
2018	4	4	5	50	0	1.283261		
2018	4	4	6	0	0	1.208008		
2018	4	4	6	10	0	1.1312		
2018	4	4	6	20	0	1.053269		
2018	4	4	6	30	0	0.974653		
2018	4	4	6	40	0	0.896197		
2018	4	4	6	50	0	0.818216		
2018	4	4	7	0	0	0.741547		
2018	4	4	7	10	0	0.666616		
2018	4	4	7	20	0	0.593842		
2018	4	4	7	30	0	0.523985		
2018	4	4	7	40	0	0.457403		
2018	4	4	7	50	0	0.394439		
2018	4	4	8	0	0	0.335712		
2018	4	4	8	10	0	0.281386		
2018	4	4	8	20	0	0.231957		
2018	4	4	8	30	0	0.187596		
2018	4	4	8	40	0	0.148452		
2018	4	4	8	50	0	0.114819		
2018	4	4	9	0	0	0.086737		
2018	4	4	9	10	0	0.06423		
2018	4	4	9	20	0	0.047386		
2018	4	4	9	30	0	0.03611		
2018	4	4	9	40	0	0.030359		
2018	4	4	9	50	0	0.030018		
2018	4	4	10	0	0	0.035128		
2018	4	4	10	10	0	0.045526		
2018	4	4	10	20	0	0.060975		
2018	4	4	10	30	0	0.081249		
2018	4	4	10	40	0	0.105995		
2018	4	4	10	50	0	0.13494		
2018	4	4	11	0	0	0.167771		
2018	4	4	11	10	0	0.204228		
2018	4	4	11	20	0	0.243864		
2018	4	4	11	30	0	0.286407		
2018	4	4	11	40	0	0.33161		
2018	4	4	11	50	0	0.379001		
2018	4	4	12	0	0	0.428336		
2018	4	4	12	10	0	0.479307		
2018	4	4	12	20	0	0.531702		
2018	4	4	12	30	0	0.585054		
2018	4	4	12	40	0	0.639164		
2018	4	4	12	50	0	0.693757		
2018	4	4	13	0	0	0.748652		
2018	4	4	13	10	0	0.803406		
2018	4	4	13	20	0	0.85785		
2018	4	4	13	30	0	0.911817		
2018	4	4	13	40	0	0.96488		
2018	4	4	13	50	0	1.016879		
2018	4	4	14	0	0	1.067568		
2018	4	4	14	10	0	1.116781		
2018	4	4	14	20	0	1.164113		
2018	4	4	14	30	0	1.209408		
2018	4	4	14	40	0	1.252427		
2018	4	4	14	50	0	1.293005		
2018	4	4	15	0	0	1.33078		
2018	4	4	15	10	0	1.365606		
2018	4	4	15	20	0	1.397325		
2018	4	4	15	30	0	1.425641		
2018	4	4	15	40	0	1.450431		
2018	4	4	15	50	0	1.471541		
2018	4	4	16	0	0	1.488861		
2018	4	4	16	10	0	1.502225		
2018	4	4	16	20	0	1.511586		
2018	4	4	16	30	0	1.516897		
2018	4	4	16	40	0	1.51813		
2018	4	4	16	50	0	1.514981		
2018	4	4	17	0	0	1.507362		
2018	4	4	17	10	0	1.495352		
2018	4	4	17	20	0	1.479135		
2018	4	4	17	30	0	1.45888		
2018	4	4	17	40	0	1.43481		
2018	4	4	17	50	0	1.40714		
2018	4	4	18	0	0	1.376262		
2018	4	4	18	10	0	1.342466		
2018	4	4	18	20	0	1.306116		
2018	4	4	18	30	0	1.267602		
2018	4	4	18	40	0	1.227268		
2018	4	4	18	50	0	1.185682		
2018	4	4	19	0	0	1.143219		
2018	4	4	19	10	0	1.100333		
2018	4	4	19	20	0	1.057404		
2018	4	4	19	30	0	1.01503		
2018	4	4	19	40	0	0.973581		
2018	4	4	19	50	0	0.933488		
2018	4	4	20	0	0	0.895098		
2018	4	4	20	10	0	0.858934		
2018	4	4	20	20	0	0.825293		
2018	4	4	20	30	0	0.794507		
2018	4	4	20	40	0	0.766834		
2018	4	4	20	50	0	0.742633		
2018	4	4	21	0	0	0.722084		
2018	4	4	21	10	0	0.705374		
2018	4	4	21	20	0	0.692638		
2018	4	4	21	30	0	0.684028		
2018	4	4	21	40	0	0.679592		
2018	4	4	21	50	0	0.679366		
2018	4	4	22	0	0	0.683371		
2018	4	4	22	10	0	0.691587		
2018	4	4	22	20	0	0.703911		
2018	4	4	22	30	0	0.720246		
2018	4	4	22	40	0	0.740453		
2018	4	4	22	50	0	0.76441		
2018	4	4	23	0	0	0.791847		
2018	4	4	23	10	0	0.822591		
2018	4	4	23	20	0	0.856413		
2018	4	4	23	30	0	0.893128		
2018	4	4	23	40	0	0.932359		
2018	4	4	23	50	0	0.973891		
